2 0.053125 0.15546875 0.07734375 0.0625
2 0.17265625 0.12734375 0.0703125 0.0625
2 0.34140625 0.0765625 0.0703125 0.05078125
2 0.44921875 0.0703125 0.07421875 0.0734375
2 0.60234375 0.06796875 0.07734375 0.07890625
2 0.73046875 0.07890625 0.08125 0.07890625
2 0.93125 0.11015625 0.08125 0.0734375
2 0.81015625 0.15 0.07734375 0.0734375
2 0.8625 0.38125 0.084375 0.0734375
2 0.67109375 0.38984375 0.10234375 0.07890625
2 0.50546875 0.41796875 0.109375 0.090625
2 0.4609375 0.30234375 0.084375 0.0734375
2 0.36796875 0.34765625 0.08125 0.0734375
2 0.2890625 0.37578125 0.07734375 0.09609375
2 0.18671875 0.34765625 0.07734375 0.084375
2 0.68125 0.14140625 0.07421875 0.06796875
2 0.540625 0.1359375 0.08828125 0.06796875