2 0.1328125 0.16640625 0.2171875 0.1359375
2 0.31875 0.2140625 0.2609375 0.1890625
2 0.63984375 0.16484375 0.22734375 0.13984375
2 0.8359375 0.21015625 0.2609375 0.1890625
2 0.1328125 0.45078125 0.2078125 0.14375
2 0.33125 0.49765625 0.25625 0.17265625
2 0.6453125 0.45703125 0.2171875 0.13984375
2 0.8359375 0.49609375 0.24140625 0.17734375
2 0.1375 0.753125 0.22734375 0.1234375
2 0.3234375 0.78984375 0.2515625 0.18125
2 0.6375 0.75078125 0.203125 0.12734375
2 0.840625 0.78984375 0.24140625 0.1890625